123456 Eddard Stark 89 41 45 5 4 78 12
789567 Jaime Lannister 12 32 10 33 8 22 1
342772 Catelyn Stark 34 4 6 56 2 88 2
756412 Joffrey Baratheon 44 34 83 56 88 22 11
823774 Daenerys Targaryen 27 4 87 17 0 99 34
784563 Jorah Mormont 5 0 42 34 87 17 0
234564 Petyr Baelish 13 75 22 21 56 2 88
783498 Viserys Targaryen 3 12 6 45 45 5 4
111222 Jon Snow 23 73 67 75 14 43 45
123994 Sansa Stark 0 14 43 45 75 22 21
968453 Arya Stark 34 56 4 12 14 43 45
862938 Robb Stark 64 35 45 65 0 42 34
714338 Bran Stark 44 24 4 26 0 42 34
653456 Theon Greyjoy 73 34 50 4 56 4 12
123459 Cersei Lannister 87 86 79 82 75 94 82
576232 Sandor Clegane 89 33 46 0 12 6 45
438922 Tyrion Lannister 91 36 47 25 0 47 34
321452 Tywin Lannister 5 0 47 34 14 43 45
968644 Davos Seaworth 34 55 4 12 33 46 0
862912 Samwell Tarly 64 34 45 65 36 47 25
914335 Margaery Tyrell 44 24 0 26 12 6 45
835452 Stannis Baratheon 4 75 42 5 64 35 45
245553 Jeor Mormont 13 75 23 21 14 43 45
998877 Talisa Maegyr 37 37 0 56 86 79 82
111232 Tormund Giantsbane 23 73 62 75 75 42 5
123674 Ramsay Bolton 0 13 43 45 91 36 47
673367 Ellaria Sand 12 34 10 33 37 37 0
342932 Daario Naharis 34 4 5 56 24 0 26
112233 Roose Bolton 89 56 0 24 55 4 12
937656 Tommen Baratheon 89 34 45 5 79 54 0
987654 Khal Drogo 89 54 0 24 75 23 21
-999
